mean
[[242.17261426041574, 211.13870502652247, 170.9120754471218], [248.6581509656781, 166.2939008250369, 76.15482151115653], [150.45705737950024, 100.5677634020607, 49.80565959892836], [178.59978665645738, 185.50776027577413, 198.69331763779655], [22.62981194711343, 87.50317895477734, 97.49767984634693], [24.03761071483862, 164.5269349652055, 206.7974152602069], [115.57361028990468, 127.59261812182447, 133.26625476755967], [1.0183981596801917, 35.59069372304738, 35.07045584828694], [225.47892484384482, 134.88490605387113, 22.587891694308134], [6.233399246524859, 122.59267999907453, 163.61864717033865]]
Pi
[0.030446645429069805, 0.15942369236161424, 0.08862709037983342, 0.10900905540318903, 0.11482097945839478, 0.09818290016114951, 0.11077102799474742, 0.06422451392639122, 0.06530635812486764, 0.15918773676072664]
covariance
[array([[ 166.90610551,  198.01042737,  224.81168   ],
       [ 198.01042737,  864.63976623, 1518.11703227],
       [ 224.81168   , 1518.11703227, 3039.25968926]]), array([[ 38.05615621,  95.43093729,  81.17366176],
       [ 95.43093729, 460.6080735 , 431.82086392],
       [ 81.17366176, 431.82086392, 455.35092538]]), array([[2626.35700069, 1109.88125047, -324.50639412],
       [1109.88125047,  691.56884978,  138.2068542 ],
       [-324.50639412,  138.2068542 ,  568.38469801]]), array([[1109.65635779,  967.51445306,  846.17531712],
       [ 967.51445306,  932.64440945,  864.26452526],
       [ 846.17531712,  864.26452526,  887.1810466 ]]), array([[ 220.04852615,  257.39447052,  238.22372342],
       [ 257.39447052, 1357.93144452, 1664.21280685],
       [ 238.22372342, 1664.21280685, 2398.82028617]]), array([[ 223.88521339,  -65.09587258,  -36.24319415],
       [ -65.09587258, 1129.51994178,  741.76032556],
       [ -36.24319415,  741.76032556,  643.64221226]]), array([[1751.28232953,  733.58098429,  464.1017741 ],
       [ 733.58098429, 1093.28953199, 1315.47412771],
       [ 464.1017741 , 1315.47412771, 1858.74639459]]), array([[  3.66855619,   4.73757525,   3.44740067],
       [  4.73757525, 685.87093228, 684.36982354],
       [  3.44740067, 684.36982354, 745.67183161]]), array([[448.51278771, 500.08546873, 283.75094379],
       [500.08546873, 642.23245419, 393.71665496],
       [283.75094379, 393.71665496, 282.08987434]]), array([[  40.86265124,   48.75636046,   63.39160307],
       [  48.75636046, 1420.01735187, 1259.18187179],
       [  63.39160307, 1259.18187179, 1435.39231612]])]
