mean
[[179.95751070459318, 184.7479837400881, 195.3105183878037], [134.35327829839187, 112.89350069719639, 82.66658871449005], [10.485266620266001, 57.137650197312205, 57.954404487364144], [13.722680236617938, 137.8376179430622, 178.16958368313843], [247.5580162514177, 165.43382959277636, 71.5591885421618]]
Pi
[0.14454805041312557, 0.2318344220442099, 0.14242428972720064, 0.2754688498297547, 0.20572438798569145]
covariance
[array([[1478.16197513, 1266.2170053 , 1031.58783802],
       [1266.2170053 , 1235.45186196, 1106.3841467 ],
       [1031.58783802, 1106.3841467 , 1130.50933416]]), array([[ 3678.4197185 ,   803.98102188, -1611.45801112],
       [  803.98102188,  1037.14196034,  1032.68027551],
       [-1611.45801112,  1032.68027551,  3306.11699   ]]), array([[ 161.77653532,  278.57219359,  271.02172116],
       [ 278.57219359, 1252.46472939, 1306.4810965 ],
       [ 271.02172116, 1306.4810965 , 1492.73533283]]), array([[ 174.73121426,  162.36371621,  163.94515647],
       [ 162.36371621, 1664.61402858, 1453.24932732],
       [ 163.94515647, 1453.24932732, 1531.5290181 ]]), array([[ 54.47599302, 114.57320453, 119.27713119],
       [114.57320453, 511.13543693, 580.57950733],
       [119.27713119, 580.57950733, 881.64356286]])]
