mean
[[244.52566053404468, 207.17465765926966, 158.29345610923068], [248.79381753490986, 166.8277423969206, 76.86708289932085], [147.12807218428807, 98.48663024669439, 47.68183896990584], [191.65488890690978, 197.8026950443386, 211.40167927674833], [20.305749080769647, 76.4838232595368, 83.37477873496421], [22.95599376443516, 169.16612628170935, 213.08201330224404], [124.05574501222442, 134.17660014761202, 141.44175535821833], [0.18189437710171188, 33.74233203822452, 32.719117669879054], [226.55440496926812, 135.45807051350664, 22.111963577278306], [5.24113174469893, 118.17694253639014, 158.52874843900227]]
Pi
[0.023486011244250024, 0.15330216424922102, 0.08509253247791053, 0.08648102675359083, 0.11853773935403691, 0.1089903315913327, 0.10616464831386963, 0.05048857467335881, 0.062135049971022795, 0.11994626245488273]
covariance
[array([[ 108.0746639 ,  172.45504754,  260.28277303],
       [ 172.45504754,  657.79292887, 1082.48150143],
       [ 260.28277303, 1082.48150143, 2025.41449274]]), array([[ 36.92094054,  95.6048123 ,  81.16272358],
       [ 95.6048123 , 436.39090712, 390.62019098],
       [ 81.16272358, 390.62019098, 387.70497486]]), array([[2456.32296832, 1034.28551525, -255.38901637],
       [1034.28551525,  644.33325047,  123.43857684],
       [-255.38901637,  123.43857684,  420.61096055]]), array([[709.66289792, 618.76964259, 476.51584435],
       [618.76964259, 621.34680175, 525.98133584],
       [476.51584435, 525.98133584, 525.13669279]]), array([[ 214.02955412,  295.93140727,  271.89113199],
       [ 295.93140727, 1194.38601262, 1281.83901024],
       [ 271.89113199, 1281.83901024, 1696.75489121]]), array([[215.06843679, -99.637964  , -91.93838699],
       [-99.637964  , 954.50340209, 568.66184215],
       [-91.93838699, 568.66184215, 492.6678191 ]]), array([[1215.38882261,  416.08113201,   91.73594924],
       [ 416.08113201,  718.43337592,  797.6772216 ],
       [  91.73594924,  797.6772216 , 1133.87006576]]), array([[2.93346077e-01, 1.60239764e-01, 8.16992793e-03],
       [1.60239764e-01, 6.65338594e+02, 6.56817394e+02],
       [8.16992793e-03, 6.56817394e+02, 6.96447665e+02]]), array([[423.4250572 , 487.95224579, 290.69244078],
       [487.95224579, 634.89253648, 396.41420812],
       [290.69244078, 396.41420812, 277.52867546]]), array([[ 31.11796515,  16.5155425 ,  22.07608955],
       [ 16.5155425 , 802.80050196, 533.35037702],
       [ 22.07608955, 533.35037702, 559.67009783]])]
