mean
[[202.44698382412614, 205.50589797720218, 214.29034467086933], [3.5460677205743063, 39.078263013600285, 37.105532199943006], [122.16455281971525, 134.0089947074888, 141.48630241410524], [16.32089260710106, 92.53522048571101, 111.59115428594865], [17.395842373266305, 153.79653698447896, 198.5041790132411], [248.58902502047047, 167.77733410720526, 76.15991209243978], [174.95991246266667, 107.55681734590347, 34.18508197116257]]
Pi
[0.09023569561460372, 0.08926770523561733, 0.12327582275684165, 0.12534483679054623, 0.18868764301168564, 0.19162149388571328, 0.11921656549410065]
covariance
[array([[882.43903252, 700.01825378, 379.58321038],
       [700.01825378, 663.77842693, 481.3077125 ],
       [379.58321038, 481.3077125 , 549.35291179]]), array([[ 26.11860887,  31.48093865,  17.63735465],
       [ 31.48093865, 664.47558908, 629.63277154],
       [ 17.63735465, 629.63277154, 685.11700087]]), array([[1339.67090547,  472.34627564,  171.92871296],
       [ 472.34627564,  736.97111019,  841.1208908 ],
       [ 171.92871296,  841.1208908 , 1211.88202586]]), array([[ 258.97865393,   -7.251406  , -248.42989573],
       [  -7.251406  ,  788.46168346,  747.65596462],
       [-248.42989573,  747.65596462, 1140.66150726]]), array([[ 200.57224711,   43.98517486,   33.74404234],
       [  43.98517486, 1225.52769331,  813.0575562 ],
       [  33.74404234,  813.0575562 ,  720.11801214]]), array([[ 38.91636814,  79.17920298,  53.93708038],
       [ 79.17920298, 473.83242603, 502.35546545],
       [ 53.93708038, 502.35546545, 732.2294968 ]]), array([[2151.2337924 ,  956.59021063, -522.84306982],
       [ 956.59021063,  615.34771425,    5.91668896],
       [-522.84306982,    5.91668896,  563.88303362]])]
