mean
[[179.7081006774042, 184.54600343393827, 195.20425494271032], [141.281980982391, 114.7644801061689, 79.92764378902936], [11.01146402711965, 56.423497820620874, 56.46805694460351], [13.767326218847968, 136.82828924886834, 176.71052080850026], [248.52216151280214, 166.76785726033114, 73.40049645541805]]
Pi
[0.14451174548477586, 0.24128595875514877, 0.13866876426698, 0.2828669567436822, 0.19266657474939344]
covariance
[array([[1480.40673862, 1270.14025943, 1040.47987757],
       [1270.14025943, 1241.12944529, 1115.15100666],
       [1040.47987757, 1115.15100666, 1138.35160158]]), array([[ 3896.29824661,   959.3503315 , -1639.00505425],
       [  959.3503315 ,  1087.88687264,   972.98433409],
       [-1639.00505425,   972.98433409,  3283.37162938]]), array([[ 179.21353135,  303.96601839,  298.58063376],
       [ 303.96601839, 1245.86296755, 1281.42388045],
       [ 298.58063376, 1281.42388045, 1433.97047983]]), array([[ 177.84373542,  166.77140768,  169.19827018],
       [ 166.77140768, 1687.1607478 , 1501.84617034],
       [ 169.19827018, 1501.84617034, 1608.61877788]]), array([[ 39.13583074,  92.46201811,  85.44579875],
       [ 92.46201811, 474.37804423, 515.86180751],
       [ 85.44579875, 515.86180751, 771.50100978]])]
